{
 "cells": [
  {
   "cell_type": "code",
   "execution_count": 90,
   "id": "caabb2dc",
   "metadata": {},
   "outputs": [],
   "source": [
    "#install packages\n",
    "# install.packages(\"leaps\")\n",
    "# install.packages(\"MASS\")\n",
    "# install.packages(\"lars\")\n",
    "# install.packages(\"pls\")"
   ]
  },
  {
   "cell_type": "code",
   "execution_count": 91,
   "id": "707851b8",
   "metadata": {},
   "outputs": [],
   "source": [
    "### Read the data\n",
    "fat <- read.table(file = \"G://My Drive//OMSA//ISYE 7406//Module 3//HW//fat.csv\", sep=\",\", header=TRUE);\n"
   ]
  },
  {
   "cell_type": "code",
   "execution_count": 92,
   "id": "aa1371f0",
   "metadata": {},
   "outputs": [
    {
     "data": {
      "text/html": [
       "<style>\n",
       ".list-inline {list-style: none; margin:0; padding: 0}\n",
       ".list-inline>li {display: inline-block}\n",
       ".list-inline>li:not(:last-child)::after {content: \"\\00b7\"; padding: 0 .5ex}\n",
       "</style>\n",
       "<ol class=list-inline><li>252</li><li>18</li></ol>\n"
      ],
      "text/latex": [
       "\\begin{enumerate*}\n",
       "\\item 252\n",
       "\\item 18\n",
       "\\end{enumerate*}\n"
      ],
      "text/markdown": [
       "1. 252\n",
       "2. 18\n",
       "\n",
       "\n"
      ],
      "text/plain": [
       "[1] 252  18"
      ]
     },
     "metadata": {},
     "output_type": "display_data"
    },
    {
     "data": {
      "text/html": [
       "<table class=\"dataframe\">\n",
       "<caption>A data.frame: 6 × 18</caption>\n",
       "<thead>\n",
       "\t<tr><th></th><th scope=col>brozek</th><th scope=col>siri</th><th scope=col>density</th><th scope=col>age</th><th scope=col>weight</th><th scope=col>height</th><th scope=col>adipos</th><th scope=col>free</th><th scope=col>neck</th><th scope=col>chest</th><th scope=col>abdom</th><th scope=col>hip</th><th scope=col>thigh</th><th scope=col>knee</th><th scope=col>ankle</th><th scope=col>biceps</th><th scope=col>forearm</th><th scope=col>wrist</th></tr>\n",
       "\t<tr><th></th><th scope=col>&lt;dbl&gt;</th><th scope=col>&lt;dbl&gt;</th><th scope=col>&lt;dbl&gt;</th><th scope=col>&lt;int&gt;</th><th scope=col>&lt;dbl&gt;</th><th scope=col>&lt;dbl&gt;</th><th scope=col>&lt;dbl&gt;</th><th scope=col>&lt;dbl&gt;</th><th scope=col>&lt;dbl&gt;</th><th scope=col>&lt;dbl&gt;</th><th scope=col>&lt;dbl&gt;</th><th scope=col>&lt;dbl&gt;</th><th scope=col>&lt;dbl&gt;</th><th scope=col>&lt;dbl&gt;</th><th scope=col>&lt;dbl&gt;</th><th scope=col>&lt;dbl&gt;</th><th scope=col>&lt;dbl&gt;</th><th scope=col>&lt;dbl&gt;</th></tr>\n",
       "</thead>\n",
       "<tbody>\n",
       "\t<tr><th scope=row>1</th><td>12.6</td><td>12.3</td><td>1.0708</td><td>23</td><td>154.25</td><td>67.75</td><td>23.7</td><td>134.9</td><td>36.2</td><td> 93.1</td><td> 85.2</td><td> 94.5</td><td>59.0</td><td>37.3</td><td>21.9</td><td>32.0</td><td>27.4</td><td>17.1</td></tr>\n",
       "\t<tr><th scope=row>2</th><td> 6.9</td><td> 6.1</td><td>1.0853</td><td>22</td><td>173.25</td><td>72.25</td><td>23.4</td><td>161.3</td><td>38.5</td><td> 93.6</td><td> 83.0</td><td> 98.7</td><td>58.7</td><td>37.3</td><td>23.4</td><td>30.5</td><td>28.9</td><td>18.2</td></tr>\n",
       "\t<tr><th scope=row>3</th><td>24.6</td><td>25.3</td><td>1.0414</td><td>22</td><td>154.00</td><td>66.25</td><td>24.7</td><td>116.0</td><td>34.0</td><td> 95.8</td><td> 87.9</td><td> 99.2</td><td>59.6</td><td>38.9</td><td>24.0</td><td>28.8</td><td>25.2</td><td>16.6</td></tr>\n",
       "\t<tr><th scope=row>4</th><td>10.9</td><td>10.4</td><td>1.0751</td><td>26</td><td>184.75</td><td>72.25</td><td>24.9</td><td>164.7</td><td>37.4</td><td>101.8</td><td> 86.4</td><td>101.2</td><td>60.1</td><td>37.3</td><td>22.8</td><td>32.4</td><td>29.4</td><td>18.2</td></tr>\n",
       "\t<tr><th scope=row>5</th><td>27.8</td><td>28.7</td><td>1.0340</td><td>24</td><td>184.25</td><td>71.25</td><td>25.6</td><td>133.1</td><td>34.4</td><td> 97.3</td><td>100.0</td><td>101.9</td><td>63.2</td><td>42.2</td><td>24.0</td><td>32.2</td><td>27.7</td><td>17.7</td></tr>\n",
       "\t<tr><th scope=row>6</th><td>20.6</td><td>20.9</td><td>1.0502</td><td>24</td><td>210.25</td><td>74.75</td><td>26.5</td><td>167.0</td><td>39.0</td><td>104.5</td><td> 94.4</td><td>107.8</td><td>66.0</td><td>42.0</td><td>25.6</td><td>35.7</td><td>30.6</td><td>18.8</td></tr>\n",
       "</tbody>\n",
       "</table>\n"
      ],
      "text/latex": [
       "A data.frame: 6 × 18\n",
       "\\begin{tabular}{r|llllllllllllllllll}\n",
       "  & brozek & siri & density & age & weight & height & adipos & free & neck & chest & abdom & hip & thigh & knee & ankle & biceps & forearm & wrist\\\\\n",
       "  & <dbl> & <dbl> & <dbl> & <int> & <dbl> & <dbl> & <dbl> & <dbl> & <dbl> & <dbl> & <dbl> & <dbl> & <dbl> & <dbl> & <dbl> & <dbl> & <dbl> & <dbl>\\\\\n",
       "\\hline\n",
       "\t1 & 12.6 & 12.3 & 1.0708 & 23 & 154.25 & 67.75 & 23.7 & 134.9 & 36.2 &  93.1 &  85.2 &  94.5 & 59.0 & 37.3 & 21.9 & 32.0 & 27.4 & 17.1\\\\\n",
       "\t2 &  6.9 &  6.1 & 1.0853 & 22 & 173.25 & 72.25 & 23.4 & 161.3 & 38.5 &  93.6 &  83.0 &  98.7 & 58.7 & 37.3 & 23.4 & 30.5 & 28.9 & 18.2\\\\\n",
       "\t3 & 24.6 & 25.3 & 1.0414 & 22 & 154.00 & 66.25 & 24.7 & 116.0 & 34.0 &  95.8 &  87.9 &  99.2 & 59.6 & 38.9 & 24.0 & 28.8 & 25.2 & 16.6\\\\\n",
       "\t4 & 10.9 & 10.4 & 1.0751 & 26 & 184.75 & 72.25 & 24.9 & 164.7 & 37.4 & 101.8 &  86.4 & 101.2 & 60.1 & 37.3 & 22.8 & 32.4 & 29.4 & 18.2\\\\\n",
       "\t5 & 27.8 & 28.7 & 1.0340 & 24 & 184.25 & 71.25 & 25.6 & 133.1 & 34.4 &  97.3 & 100.0 & 101.9 & 63.2 & 42.2 & 24.0 & 32.2 & 27.7 & 17.7\\\\\n",
       "\t6 & 20.6 & 20.9 & 1.0502 & 24 & 210.25 & 74.75 & 26.5 & 167.0 & 39.0 & 104.5 &  94.4 & 107.8 & 66.0 & 42.0 & 25.6 & 35.7 & 30.6 & 18.8\\\\\n",
       "\\end{tabular}\n"
      ],
      "text/markdown": [
       "\n",
       "A data.frame: 6 × 18\n",
       "\n",
       "| <!--/--> | brozek &lt;dbl&gt; | siri &lt;dbl&gt; | density &lt;dbl&gt; | age &lt;int&gt; | weight &lt;dbl&gt; | height &lt;dbl&gt; | adipos &lt;dbl&gt; | free &lt;dbl&gt; | neck &lt;dbl&gt; | chest &lt;dbl&gt; | abdom &lt;dbl&gt; | hip &lt;dbl&gt; | thigh &lt;dbl&gt; | knee &lt;dbl&gt; | ankle &lt;dbl&gt; | biceps &lt;dbl&gt; | forearm &lt;dbl&gt; | wrist &lt;dbl&gt; |\n",
       "|---|---|---|---|---|---|---|---|---|---|---|---|---|---|---|---|---|---|---|\n",
       "| 1 | 12.6 | 12.3 | 1.0708 | 23 | 154.25 | 67.75 | 23.7 | 134.9 | 36.2 |  93.1 |  85.2 |  94.5 | 59.0 | 37.3 | 21.9 | 32.0 | 27.4 | 17.1 |\n",
       "| 2 |  6.9 |  6.1 | 1.0853 | 22 | 173.25 | 72.25 | 23.4 | 161.3 | 38.5 |  93.6 |  83.0 |  98.7 | 58.7 | 37.3 | 23.4 | 30.5 | 28.9 | 18.2 |\n",
       "| 3 | 24.6 | 25.3 | 1.0414 | 22 | 154.00 | 66.25 | 24.7 | 116.0 | 34.0 |  95.8 |  87.9 |  99.2 | 59.6 | 38.9 | 24.0 | 28.8 | 25.2 | 16.6 |\n",
       "| 4 | 10.9 | 10.4 | 1.0751 | 26 | 184.75 | 72.25 | 24.9 | 164.7 | 37.4 | 101.8 |  86.4 | 101.2 | 60.1 | 37.3 | 22.8 | 32.4 | 29.4 | 18.2 |\n",
       "| 5 | 27.8 | 28.7 | 1.0340 | 24 | 184.25 | 71.25 | 25.6 | 133.1 | 34.4 |  97.3 | 100.0 | 101.9 | 63.2 | 42.2 | 24.0 | 32.2 | 27.7 | 17.7 |\n",
       "| 6 | 20.6 | 20.9 | 1.0502 | 24 | 210.25 | 74.75 | 26.5 | 167.0 | 39.0 | 104.5 |  94.4 | 107.8 | 66.0 | 42.0 | 25.6 | 35.7 | 30.6 | 18.8 |\n",
       "\n"
      ],
      "text/plain": [
       "  brozek siri density age weight height adipos free  neck chest abdom hip  \n",
       "1 12.6   12.3 1.0708  23  154.25 67.75  23.7   134.9 36.2  93.1  85.2  94.5\n",
       "2  6.9    6.1 1.0853  22  173.25 72.25  23.4   161.3 38.5  93.6  83.0  98.7\n",
       "3 24.6   25.3 1.0414  22  154.00 66.25  24.7   116.0 34.0  95.8  87.9  99.2\n",
       "4 10.9   10.4 1.0751  26  184.75 72.25  24.9   164.7 37.4 101.8  86.4 101.2\n",
       "5 27.8   28.7 1.0340  24  184.25 71.25  25.6   133.1 34.4  97.3 100.0 101.9\n",
       "6 20.6   20.9 1.0502  24  210.25 74.75  26.5   167.0 39.0 104.5  94.4 107.8\n",
       "  thigh knee ankle biceps forearm wrist\n",
       "1 59.0  37.3 21.9  32.0   27.4    17.1 \n",
       "2 58.7  37.3 23.4  30.5   28.9    18.2 \n",
       "3 59.6  38.9 24.0  28.8   25.2    16.6 \n",
       "4 60.1  37.3 22.8  32.4   29.4    18.2 \n",
       "5 63.2  42.2 24.0  32.2   27.7    17.7 \n",
       "6 66.0  42.0 25.6  35.7   30.6    18.8 "
      ]
     },
     "metadata": {},
     "output_type": "display_data"
    }
   ],
   "source": [
    "dim(fat)\n",
    "head(fat)"
   ]
  },
  {
   "cell_type": "code",
   "execution_count": 93,
   "id": "9203ca3e",
   "metadata": {},
   "outputs": [],
   "source": [
    "### Split the data as in Part (a)\n",
    "n = dim(fat)[1]; ### total number of observations\n",
    "n1 = round(n/10); ### number of observations randomly selected for testing data\n",
    "## To fix our ideas, let the following 25 rows of data as the testing subset:\n",
    "flag = c(1, 21, 22, 57, 70, 88, 91, 94, 121, 127, 149, 151, 159, 162,\n",
    "164, 177, 179, 194, 206, 214, 215, 221, 240, 241, 243);\n",
    "fat1train = fat[-flag,];\n",
    "fat1test = fat[flag,];\n",
    "ytrue <- fat1test$brozek"
   ]
  },
  {
   "cell_type": "code",
   "execution_count": 94,
   "id": "054ce9f2",
   "metadata": {},
   "outputs": [
    {
     "data": {
      "text/html": [
       "<style>\n",
       ".list-inline {list-style: none; margin:0; padding: 0}\n",
       ".list-inline>li {display: inline-block}\n",
       ".list-inline>li:not(:last-child)::after {content: \"\\00b7\"; padding: 0 .5ex}\n",
       "</style>\n",
       "<ol class=list-inline><li>227</li><li>18</li></ol>\n"
      ],
      "text/latex": [
       "\\begin{enumerate*}\n",
       "\\item 227\n",
       "\\item 18\n",
       "\\end{enumerate*}\n"
      ],
      "text/markdown": [
       "1. 227\n",
       "2. 18\n",
       "\n",
       "\n"
      ],
      "text/plain": [
       "[1] 227  18"
      ]
     },
     "metadata": {},
     "output_type": "display_data"
    }
   ],
   "source": [
    "# dimnesions of training dataset\n",
    "dim(fat1train)"
   ]
  },
  {
   "cell_type": "code",
   "execution_count": 95,
   "id": "c92595ba",
   "metadata": {},
   "outputs": [
    {
     "data": {
      "text/html": [
       "<style>\n",
       ".list-inline {list-style: none; margin:0; padding: 0}\n",
       ".list-inline>li {display: inline-block}\n",
       ".list-inline>li:not(:last-child)::after {content: \"\\00b7\"; padding: 0 .5ex}\n",
       "</style>\n",
       "<ol class=list-inline><li>25</li><li>18</li></ol>\n"
      ],
      "text/latex": [
       "\\begin{enumerate*}\n",
       "\\item 25\n",
       "\\item 18\n",
       "\\end{enumerate*}\n"
      ],
      "text/markdown": [
       "1. 25\n",
       "2. 18\n",
       "\n",
       "\n"
      ],
      "text/plain": [
       "[1] 25 18"
      ]
     },
     "metadata": {},
     "output_type": "display_data"
    }
   ],
   "source": [
    "# dimnesions of testing dataset\n",
    "dim(fat1test)"
   ]
  },
  {
   "cell_type": "code",
   "execution_count": 96,
   "id": "f6b0ee6c",
   "metadata": {},
   "outputs": [
    {
     "data": {
      "text/plain": [
       "     brozek           siri          density           age       \n",
       " Min.   : 0.00   Min.   : 0.00   Min.   :0.995   Min.   :22.00  \n",
       " 1st Qu.:12.75   1st Qu.:12.30   1st Qu.:1.041   1st Qu.:36.50  \n",
       " Median :19.10   Median :19.30   Median :1.055   Median :43.00  \n",
       " Mean   :18.99   Mean   :19.21   Mean   :1.055   Mean   :44.98  \n",
       " 3rd Qu.:24.65   3rd Qu.:25.35   3rd Qu.:1.071   3rd Qu.:54.00  \n",
       " Max.   :45.10   Max.   :47.50   Max.   :1.109   Max.   :81.00  \n",
       "     weight          height          adipos           free      \n",
       " Min.   :118.5   Min.   :29.50   Min.   :18.10   Min.   :107.9  \n",
       " 1st Qu.:159.8   1st Qu.:68.25   1st Qu.:23.10   1st Qu.:131.3  \n",
       " Median :176.0   Median :70.00   Median :24.90   Median :141.7  \n",
       " Mean   :179.3   Mean   :70.16   Mean   :25.45   Mean   :143.8  \n",
       " 3rd Qu.:197.5   3rd Qu.:72.25   3rd Qu.:27.20   3rd Qu.:153.9  \n",
       " Max.   :363.1   Max.   :77.75   Max.   :48.90   Max.   :240.5  \n",
       "      neck           chest            abdom             hip       \n",
       " Min.   :31.10   Min.   : 79.30   Min.   : 69.40   Min.   : 85.0  \n",
       " 1st Qu.:36.40   1st Qu.: 94.75   1st Qu.: 84.90   1st Qu.: 95.6  \n",
       " Median :37.90   Median : 99.60   Median : 90.80   Median : 99.3  \n",
       " Mean   :37.99   Mean   :100.87   Mean   : 92.65   Mean   :100.0  \n",
       " 3rd Qu.:39.50   3rd Qu.:105.45   3rd Qu.: 99.80   3rd Qu.:103.3  \n",
       " Max.   :51.20   Max.   :136.20   Max.   :148.10   Max.   :147.7  \n",
       "     thigh            knee           ankle           biceps     \n",
       " Min.   :47.20   Min.   :33.00   Min.   :19.10   Min.   :24.80  \n",
       " 1st Qu.:56.00   1st Qu.:36.95   1st Qu.:22.05   1st Qu.:30.30  \n",
       " Median :59.00   Median :38.50   Median :22.80   Median :32.10  \n",
       " Mean   :59.48   Mean   :38.60   Mean   :23.11   Mean   :32.34  \n",
       " 3rd Qu.:62.40   3rd Qu.:39.95   3rd Qu.:23.85   3rd Qu.:34.40  \n",
       " Max.   :87.30   Max.   :49.10   Max.   :33.90   Max.   :45.00  \n",
       "    forearm          wrist      \n",
       " Min.   :21.00   Min.   :15.80  \n",
       " 1st Qu.:27.30   1st Qu.:17.60  \n",
       " Median :28.70   Median :18.30  \n",
       " Mean   :28.65   Mean   :18.24  \n",
       " 3rd Qu.:30.00   3rd Qu.:18.80  \n",
       " Max.   :33.80   Max.   :21.40  "
      ]
     },
     "metadata": {},
     "output_type": "display_data"
    }
   ],
   "source": [
    "#summary of all variables\n",
    "summary(fat1train)"
   ]
  },
  {
   "cell_type": "code",
   "execution_count": 97,
   "id": "cb60cb58",
   "metadata": {},
   "outputs": [
    {
     "data": {
      "text/html": [
       "<table class=\"dataframe\">\n",
       "<caption>A matrix: 18 × 18 of type dbl</caption>\n",
       "<thead>\n",
       "\t<tr><th></th><th scope=col>brozek</th><th scope=col>siri</th><th scope=col>density</th><th scope=col>age</th><th scope=col>weight</th><th scope=col>height</th><th scope=col>adipos</th><th scope=col>free</th><th scope=col>neck</th><th scope=col>chest</th><th scope=col>abdom</th><th scope=col>hip</th><th scope=col>thigh</th><th scope=col>knee</th><th scope=col>ankle</th><th scope=col>biceps</th><th scope=col>forearm</th><th scope=col>wrist</th></tr>\n",
       "</thead>\n",
       "<tbody>\n",
       "\t<tr><th scope=row>brozek</th><td> 1.00</td><td> 1.00</td><td>-0.99</td><td> 0.26</td><td> 0.61</td><td>-0.10</td><td> 0.73</td><td> 0.01</td><td> 0.48</td><td> 0.70</td><td> 0.82</td><td> 0.63</td><td> 0.57</td><td> 0.51</td><td> 0.25</td><td> 0.48</td><td> 0.37</td><td> 0.34</td></tr>\n",
       "\t<tr><th scope=row>siri</th><td> 1.00</td><td> 1.00</td><td>-0.99</td><td> 0.26</td><td> 0.61</td><td>-0.10</td><td> 0.73</td><td> 0.00</td><td> 0.48</td><td> 0.70</td><td> 0.82</td><td> 0.63</td><td> 0.56</td><td> 0.51</td><td> 0.25</td><td> 0.48</td><td> 0.37</td><td> 0.34</td></tr>\n",
       "\t<tr><th scope=row>density</th><td>-0.99</td><td>-0.99</td><td> 1.00</td><td>-0.25</td><td>-0.59</td><td> 0.11</td><td>-0.71</td><td> 0.01</td><td>-0.46</td><td>-0.68</td><td>-0.80</td><td>-0.61</td><td>-0.56</td><td>-0.49</td><td>-0.25</td><td>-0.48</td><td>-0.36</td><td>-0.31</td></tr>\n",
       "\t<tr><th scope=row>age</th><td> 0.26</td><td> 0.26</td><td>-0.25</td><td> 1.00</td><td>-0.04</td><td>-0.18</td><td> 0.09</td><td>-0.26</td><td> 0.10</td><td> 0.16</td><td> 0.21</td><td>-0.07</td><td>-0.22</td><td> 0.00</td><td>-0.14</td><td>-0.07</td><td>-0.08</td><td> 0.21</td></tr>\n",
       "\t<tr><th scope=row>weight</th><td> 0.61</td><td> 0.61</td><td>-0.59</td><td>-0.04</td><td> 1.00</td><td> 0.29</td><td> 0.89</td><td> 0.79</td><td> 0.83</td><td> 0.89</td><td> 0.89</td><td> 0.94</td><td> 0.87</td><td> 0.85</td><td> 0.59</td><td> 0.80</td><td> 0.68</td><td> 0.72</td></tr>\n",
       "\t<tr><th scope=row>height</th><td>-0.10</td><td>-0.10</td><td> 0.11</td><td>-0.18</td><td> 0.29</td><td> 1.00</td><td>-0.03</td><td> 0.48</td><td> 0.25</td><td> 0.13</td><td> 0.07</td><td> 0.15</td><td> 0.15</td><td> 0.27</td><td> 0.25</td><td> 0.22</td><td> 0.26</td><td> 0.32</td></tr>\n",
       "\t<tr><th scope=row>adipos</th><td> 0.73</td><td> 0.73</td><td>-0.71</td><td> 0.09</td><td> 0.89</td><td>-0.03</td><td> 1.00</td><td> 0.54</td><td> 0.77</td><td> 0.91</td><td> 0.92</td><td> 0.89</td><td> 0.81</td><td> 0.71</td><td> 0.48</td><td> 0.74</td><td> 0.59</td><td> 0.61</td></tr>\n",
       "\t<tr><th scope=row>free</th><td> 0.01</td><td> 0.00</td><td> 0.01</td><td>-0.26</td><td> 0.79</td><td> 0.48</td><td> 0.54</td><td> 1.00</td><td> 0.67</td><td> 0.58</td><td> 0.48</td><td> 0.69</td><td> 0.67</td><td> 0.69</td><td> 0.56</td><td> 0.65</td><td> 0.60</td><td> 0.66</td></tr>\n",
       "\t<tr><th scope=row>neck</th><td> 0.48</td><td> 0.48</td><td>-0.46</td><td> 0.10</td><td> 0.83</td><td> 0.25</td><td> 0.77</td><td> 0.67</td><td> 1.00</td><td> 0.78</td><td> 0.75</td><td> 0.73</td><td> 0.70</td><td> 0.67</td><td> 0.46</td><td> 0.73</td><td> 0.67</td><td> 0.73</td></tr>\n",
       "\t<tr><th scope=row>chest</th><td> 0.70</td><td> 0.70</td><td>-0.68</td><td> 0.16</td><td> 0.89</td><td> 0.13</td><td> 0.91</td><td> 0.58</td><td> 0.78</td><td> 1.00</td><td> 0.92</td><td> 0.83</td><td> 0.73</td><td> 0.71</td><td> 0.46</td><td> 0.73</td><td> 0.62</td><td> 0.64</td></tr>\n",
       "\t<tr><th scope=row>abdom</th><td> 0.82</td><td> 0.82</td><td>-0.80</td><td> 0.21</td><td> 0.89</td><td> 0.07</td><td> 0.92</td><td> 0.48</td><td> 0.75</td><td> 0.92</td><td> 1.00</td><td> 0.87</td><td> 0.77</td><td> 0.73</td><td> 0.42</td><td> 0.68</td><td> 0.53</td><td> 0.60</td></tr>\n",
       "\t<tr><th scope=row>hip</th><td> 0.63</td><td> 0.63</td><td>-0.61</td><td>-0.07</td><td> 0.94</td><td> 0.15</td><td> 0.89</td><td> 0.69</td><td> 0.73</td><td> 0.83</td><td> 0.87</td><td> 1.00</td><td> 0.90</td><td> 0.82</td><td> 0.54</td><td> 0.74</td><td> 0.58</td><td> 0.62</td></tr>\n",
       "\t<tr><th scope=row>thigh</th><td> 0.57</td><td> 0.56</td><td>-0.56</td><td>-0.22</td><td> 0.87</td><td> 0.15</td><td> 0.81</td><td> 0.67</td><td> 0.70</td><td> 0.73</td><td> 0.77</td><td> 0.90</td><td> 1.00</td><td> 0.80</td><td> 0.53</td><td> 0.76</td><td> 0.62</td><td> 0.55</td></tr>\n",
       "\t<tr><th scope=row>knee</th><td> 0.51</td><td> 0.51</td><td>-0.49</td><td> 0.00</td><td> 0.85</td><td> 0.27</td><td> 0.71</td><td> 0.69</td><td> 0.67</td><td> 0.71</td><td> 0.73</td><td> 0.82</td><td> 0.80</td><td> 1.00</td><td> 0.58</td><td> 0.69</td><td> 0.60</td><td> 0.65</td></tr>\n",
       "\t<tr><th scope=row>ankle</th><td> 0.25</td><td> 0.25</td><td>-0.25</td><td>-0.14</td><td> 0.59</td><td> 0.25</td><td> 0.48</td><td> 0.56</td><td> 0.46</td><td> 0.46</td><td> 0.42</td><td> 0.54</td><td> 0.53</td><td> 0.58</td><td> 1.00</td><td> 0.47</td><td> 0.42</td><td> 0.54</td></tr>\n",
       "\t<tr><th scope=row>biceps</th><td> 0.48</td><td> 0.48</td><td>-0.48</td><td>-0.07</td><td> 0.80</td><td> 0.22</td><td> 0.74</td><td> 0.65</td><td> 0.73</td><td> 0.73</td><td> 0.68</td><td> 0.74</td><td> 0.76</td><td> 0.69</td><td> 0.47</td><td> 1.00</td><td> 0.75</td><td> 0.63</td></tr>\n",
       "\t<tr><th scope=row>forearm</th><td> 0.37</td><td> 0.37</td><td>-0.36</td><td>-0.08</td><td> 0.68</td><td> 0.26</td><td> 0.59</td><td> 0.60</td><td> 0.67</td><td> 0.62</td><td> 0.53</td><td> 0.58</td><td> 0.62</td><td> 0.60</td><td> 0.42</td><td> 0.75</td><td> 1.00</td><td> 0.62</td></tr>\n",
       "\t<tr><th scope=row>wrist</th><td> 0.34</td><td> 0.34</td><td>-0.31</td><td> 0.21</td><td> 0.72</td><td> 0.32</td><td> 0.61</td><td> 0.66</td><td> 0.73</td><td> 0.64</td><td> 0.60</td><td> 0.62</td><td> 0.55</td><td> 0.65</td><td> 0.54</td><td> 0.63</td><td> 0.62</td><td> 1.00</td></tr>\n",
       "</tbody>\n",
       "</table>\n"
      ],
      "text/latex": [
       "A matrix: 18 × 18 of type dbl\n",
       "\\begin{tabular}{r|llllllllllllllllll}\n",
       "  & brozek & siri & density & age & weight & height & adipos & free & neck & chest & abdom & hip & thigh & knee & ankle & biceps & forearm & wrist\\\\\n",
       "\\hline\n",
       "\tbrozek &  1.00 &  1.00 & -0.99 &  0.26 &  0.61 & -0.10 &  0.73 &  0.01 &  0.48 &  0.70 &  0.82 &  0.63 &  0.57 &  0.51 &  0.25 &  0.48 &  0.37 &  0.34\\\\\n",
       "\tsiri &  1.00 &  1.00 & -0.99 &  0.26 &  0.61 & -0.10 &  0.73 &  0.00 &  0.48 &  0.70 &  0.82 &  0.63 &  0.56 &  0.51 &  0.25 &  0.48 &  0.37 &  0.34\\\\\n",
       "\tdensity & -0.99 & -0.99 &  1.00 & -0.25 & -0.59 &  0.11 & -0.71 &  0.01 & -0.46 & -0.68 & -0.80 & -0.61 & -0.56 & -0.49 & -0.25 & -0.48 & -0.36 & -0.31\\\\\n",
       "\tage &  0.26 &  0.26 & -0.25 &  1.00 & -0.04 & -0.18 &  0.09 & -0.26 &  0.10 &  0.16 &  0.21 & -0.07 & -0.22 &  0.00 & -0.14 & -0.07 & -0.08 &  0.21\\\\\n",
       "\tweight &  0.61 &  0.61 & -0.59 & -0.04 &  1.00 &  0.29 &  0.89 &  0.79 &  0.83 &  0.89 &  0.89 &  0.94 &  0.87 &  0.85 &  0.59 &  0.80 &  0.68 &  0.72\\\\\n",
       "\theight & -0.10 & -0.10 &  0.11 & -0.18 &  0.29 &  1.00 & -0.03 &  0.48 &  0.25 &  0.13 &  0.07 &  0.15 &  0.15 &  0.27 &  0.25 &  0.22 &  0.26 &  0.32\\\\\n",
       "\tadipos &  0.73 &  0.73 & -0.71 &  0.09 &  0.89 & -0.03 &  1.00 &  0.54 &  0.77 &  0.91 &  0.92 &  0.89 &  0.81 &  0.71 &  0.48 &  0.74 &  0.59 &  0.61\\\\\n",
       "\tfree &  0.01 &  0.00 &  0.01 & -0.26 &  0.79 &  0.48 &  0.54 &  1.00 &  0.67 &  0.58 &  0.48 &  0.69 &  0.67 &  0.69 &  0.56 &  0.65 &  0.60 &  0.66\\\\\n",
       "\tneck &  0.48 &  0.48 & -0.46 &  0.10 &  0.83 &  0.25 &  0.77 &  0.67 &  1.00 &  0.78 &  0.75 &  0.73 &  0.70 &  0.67 &  0.46 &  0.73 &  0.67 &  0.73\\\\\n",
       "\tchest &  0.70 &  0.70 & -0.68 &  0.16 &  0.89 &  0.13 &  0.91 &  0.58 &  0.78 &  1.00 &  0.92 &  0.83 &  0.73 &  0.71 &  0.46 &  0.73 &  0.62 &  0.64\\\\\n",
       "\tabdom &  0.82 &  0.82 & -0.80 &  0.21 &  0.89 &  0.07 &  0.92 &  0.48 &  0.75 &  0.92 &  1.00 &  0.87 &  0.77 &  0.73 &  0.42 &  0.68 &  0.53 &  0.60\\\\\n",
       "\thip &  0.63 &  0.63 & -0.61 & -0.07 &  0.94 &  0.15 &  0.89 &  0.69 &  0.73 &  0.83 &  0.87 &  1.00 &  0.90 &  0.82 &  0.54 &  0.74 &  0.58 &  0.62\\\\\n",
       "\tthigh &  0.57 &  0.56 & -0.56 & -0.22 &  0.87 &  0.15 &  0.81 &  0.67 &  0.70 &  0.73 &  0.77 &  0.90 &  1.00 &  0.80 &  0.53 &  0.76 &  0.62 &  0.55\\\\\n",
       "\tknee &  0.51 &  0.51 & -0.49 &  0.00 &  0.85 &  0.27 &  0.71 &  0.69 &  0.67 &  0.71 &  0.73 &  0.82 &  0.80 &  1.00 &  0.58 &  0.69 &  0.60 &  0.65\\\\\n",
       "\tankle &  0.25 &  0.25 & -0.25 & -0.14 &  0.59 &  0.25 &  0.48 &  0.56 &  0.46 &  0.46 &  0.42 &  0.54 &  0.53 &  0.58 &  1.00 &  0.47 &  0.42 &  0.54\\\\\n",
       "\tbiceps &  0.48 &  0.48 & -0.48 & -0.07 &  0.80 &  0.22 &  0.74 &  0.65 &  0.73 &  0.73 &  0.68 &  0.74 &  0.76 &  0.69 &  0.47 &  1.00 &  0.75 &  0.63\\\\\n",
       "\tforearm &  0.37 &  0.37 & -0.36 & -0.08 &  0.68 &  0.26 &  0.59 &  0.60 &  0.67 &  0.62 &  0.53 &  0.58 &  0.62 &  0.60 &  0.42 &  0.75 &  1.00 &  0.62\\\\\n",
       "\twrist &  0.34 &  0.34 & -0.31 &  0.21 &  0.72 &  0.32 &  0.61 &  0.66 &  0.73 &  0.64 &  0.60 &  0.62 &  0.55 &  0.65 &  0.54 &  0.63 &  0.62 &  1.00\\\\\n",
       "\\end{tabular}\n"
      ],
      "text/markdown": [
       "\n",
       "A matrix: 18 × 18 of type dbl\n",
       "\n",
       "| <!--/--> | brozek | siri | density | age | weight | height | adipos | free | neck | chest | abdom | hip | thigh | knee | ankle | biceps | forearm | wrist |\n",
       "|---|---|---|---|---|---|---|---|---|---|---|---|---|---|---|---|---|---|---|\n",
       "| brozek |  1.00 |  1.00 | -0.99 |  0.26 |  0.61 | -0.10 |  0.73 |  0.01 |  0.48 |  0.70 |  0.82 |  0.63 |  0.57 |  0.51 |  0.25 |  0.48 |  0.37 |  0.34 |\n",
       "| siri |  1.00 |  1.00 | -0.99 |  0.26 |  0.61 | -0.10 |  0.73 |  0.00 |  0.48 |  0.70 |  0.82 |  0.63 |  0.56 |  0.51 |  0.25 |  0.48 |  0.37 |  0.34 |\n",
       "| density | -0.99 | -0.99 |  1.00 | -0.25 | -0.59 |  0.11 | -0.71 |  0.01 | -0.46 | -0.68 | -0.80 | -0.61 | -0.56 | -0.49 | -0.25 | -0.48 | -0.36 | -0.31 |\n",
       "| age |  0.26 |  0.26 | -0.25 |  1.00 | -0.04 | -0.18 |  0.09 | -0.26 |  0.10 |  0.16 |  0.21 | -0.07 | -0.22 |  0.00 | -0.14 | -0.07 | -0.08 |  0.21 |\n",
       "| weight |  0.61 |  0.61 | -0.59 | -0.04 |  1.00 |  0.29 |  0.89 |  0.79 |  0.83 |  0.89 |  0.89 |  0.94 |  0.87 |  0.85 |  0.59 |  0.80 |  0.68 |  0.72 |\n",
       "| height | -0.10 | -0.10 |  0.11 | -0.18 |  0.29 |  1.00 | -0.03 |  0.48 |  0.25 |  0.13 |  0.07 |  0.15 |  0.15 |  0.27 |  0.25 |  0.22 |  0.26 |  0.32 |\n",
       "| adipos |  0.73 |  0.73 | -0.71 |  0.09 |  0.89 | -0.03 |  1.00 |  0.54 |  0.77 |  0.91 |  0.92 |  0.89 |  0.81 |  0.71 |  0.48 |  0.74 |  0.59 |  0.61 |\n",
       "| free |  0.01 |  0.00 |  0.01 | -0.26 |  0.79 |  0.48 |  0.54 |  1.00 |  0.67 |  0.58 |  0.48 |  0.69 |  0.67 |  0.69 |  0.56 |  0.65 |  0.60 |  0.66 |\n",
       "| neck |  0.48 |  0.48 | -0.46 |  0.10 |  0.83 |  0.25 |  0.77 |  0.67 |  1.00 |  0.78 |  0.75 |  0.73 |  0.70 |  0.67 |  0.46 |  0.73 |  0.67 |  0.73 |\n",
       "| chest |  0.70 |  0.70 | -0.68 |  0.16 |  0.89 |  0.13 |  0.91 |  0.58 |  0.78 |  1.00 |  0.92 |  0.83 |  0.73 |  0.71 |  0.46 |  0.73 |  0.62 |  0.64 |\n",
       "| abdom |  0.82 |  0.82 | -0.80 |  0.21 |  0.89 |  0.07 |  0.92 |  0.48 |  0.75 |  0.92 |  1.00 |  0.87 |  0.77 |  0.73 |  0.42 |  0.68 |  0.53 |  0.60 |\n",
       "| hip |  0.63 |  0.63 | -0.61 | -0.07 |  0.94 |  0.15 |  0.89 |  0.69 |  0.73 |  0.83 |  0.87 |  1.00 |  0.90 |  0.82 |  0.54 |  0.74 |  0.58 |  0.62 |\n",
       "| thigh |  0.57 |  0.56 | -0.56 | -0.22 |  0.87 |  0.15 |  0.81 |  0.67 |  0.70 |  0.73 |  0.77 |  0.90 |  1.00 |  0.80 |  0.53 |  0.76 |  0.62 |  0.55 |\n",
       "| knee |  0.51 |  0.51 | -0.49 |  0.00 |  0.85 |  0.27 |  0.71 |  0.69 |  0.67 |  0.71 |  0.73 |  0.82 |  0.80 |  1.00 |  0.58 |  0.69 |  0.60 |  0.65 |\n",
       "| ankle |  0.25 |  0.25 | -0.25 | -0.14 |  0.59 |  0.25 |  0.48 |  0.56 |  0.46 |  0.46 |  0.42 |  0.54 |  0.53 |  0.58 |  1.00 |  0.47 |  0.42 |  0.54 |\n",
       "| biceps |  0.48 |  0.48 | -0.48 | -0.07 |  0.80 |  0.22 |  0.74 |  0.65 |  0.73 |  0.73 |  0.68 |  0.74 |  0.76 |  0.69 |  0.47 |  1.00 |  0.75 |  0.63 |\n",
       "| forearm |  0.37 |  0.37 | -0.36 | -0.08 |  0.68 |  0.26 |  0.59 |  0.60 |  0.67 |  0.62 |  0.53 |  0.58 |  0.62 |  0.60 |  0.42 |  0.75 |  1.00 |  0.62 |\n",
       "| wrist |  0.34 |  0.34 | -0.31 |  0.21 |  0.72 |  0.32 |  0.61 |  0.66 |  0.73 |  0.64 |  0.60 |  0.62 |  0.55 |  0.65 |  0.54 |  0.63 |  0.62 |  1.00 |\n",
       "\n"
      ],
      "text/plain": [
       "        brozek siri  density age   weight height adipos free  neck  chest abdom\n",
       "brozek   1.00   1.00 -0.99    0.26  0.61  -0.10   0.73   0.01  0.48  0.70  0.82\n",
       "siri     1.00   1.00 -0.99    0.26  0.61  -0.10   0.73   0.00  0.48  0.70  0.82\n",
       "density -0.99  -0.99  1.00   -0.25 -0.59   0.11  -0.71   0.01 -0.46 -0.68 -0.80\n",
       "age      0.26   0.26 -0.25    1.00 -0.04  -0.18   0.09  -0.26  0.10  0.16  0.21\n",
       "weight   0.61   0.61 -0.59   -0.04  1.00   0.29   0.89   0.79  0.83  0.89  0.89\n",
       "height  -0.10  -0.10  0.11   -0.18  0.29   1.00  -0.03   0.48  0.25  0.13  0.07\n",
       "adipos   0.73   0.73 -0.71    0.09  0.89  -0.03   1.00   0.54  0.77  0.91  0.92\n",
       "free     0.01   0.00  0.01   -0.26  0.79   0.48   0.54   1.00  0.67  0.58  0.48\n",
       "neck     0.48   0.48 -0.46    0.10  0.83   0.25   0.77   0.67  1.00  0.78  0.75\n",
       "chest    0.70   0.70 -0.68    0.16  0.89   0.13   0.91   0.58  0.78  1.00  0.92\n",
       "abdom    0.82   0.82 -0.80    0.21  0.89   0.07   0.92   0.48  0.75  0.92  1.00\n",
       "hip      0.63   0.63 -0.61   -0.07  0.94   0.15   0.89   0.69  0.73  0.83  0.87\n",
       "thigh    0.57   0.56 -0.56   -0.22  0.87   0.15   0.81   0.67  0.70  0.73  0.77\n",
       "knee     0.51   0.51 -0.49    0.00  0.85   0.27   0.71   0.69  0.67  0.71  0.73\n",
       "ankle    0.25   0.25 -0.25   -0.14  0.59   0.25   0.48   0.56  0.46  0.46  0.42\n",
       "biceps   0.48   0.48 -0.48   -0.07  0.80   0.22   0.74   0.65  0.73  0.73  0.68\n",
       "forearm  0.37   0.37 -0.36   -0.08  0.68   0.26   0.59   0.60  0.67  0.62  0.53\n",
       "wrist    0.34   0.34 -0.31    0.21  0.72   0.32   0.61   0.66  0.73  0.64  0.60\n",
       "        hip   thigh knee  ankle biceps forearm wrist\n",
       "brozek   0.63  0.57  0.51  0.25  0.48   0.37    0.34\n",
       "siri     0.63  0.56  0.51  0.25  0.48   0.37    0.34\n",
       "density -0.61 -0.56 -0.49 -0.25 -0.48  -0.36   -0.31\n",
       "age     -0.07 -0.22  0.00 -0.14 -0.07  -0.08    0.21\n",
       "weight   0.94  0.87  0.85  0.59  0.80   0.68    0.72\n",
       "height   0.15  0.15  0.27  0.25  0.22   0.26    0.32\n",
       "adipos   0.89  0.81  0.71  0.48  0.74   0.59    0.61\n",
       "free     0.69  0.67  0.69  0.56  0.65   0.60    0.66\n",
       "neck     0.73  0.70  0.67  0.46  0.73   0.67    0.73\n",
       "chest    0.83  0.73  0.71  0.46  0.73   0.62    0.64\n",
       "abdom    0.87  0.77  0.73  0.42  0.68   0.53    0.60\n",
       "hip      1.00  0.90  0.82  0.54  0.74   0.58    0.62\n",
       "thigh    0.90  1.00  0.80  0.53  0.76   0.62    0.55\n",
       "knee     0.82  0.80  1.00  0.58  0.69   0.60    0.65\n",
       "ankle    0.54  0.53  0.58  1.00  0.47   0.42    0.54\n",
       "biceps   0.74  0.76  0.69  0.47  1.00   0.75    0.63\n",
       "forearm  0.58  0.62  0.60  0.42  0.75   1.00    0.62\n",
       "wrist    0.62  0.55  0.65  0.54  0.63   0.62    1.00"
      ]
     },
     "metadata": {},
     "output_type": "display_data"
    }
   ],
   "source": [
    "#correlations of all the variables rounded to 2 decimal points\n",
    "round(cor(fat1train),2);"
   ]
  },
  {
   "cell_type": "code",
   "execution_count": 98,
   "id": "d4e755a7",
   "metadata": {
    "scrolled": true
   },
   "outputs": [
    {
     "data": {
